data/inputs/data/development_proximity_100m.asc
ncols 210
nrows 180
xllcorner 240000
yllcorner 644000
cellsize 100
NODATA_value -1
[rows 108 to 143 of 180, columns 80 to 159 of 210]
1 1 0.900496 0.85928 0.85928 0.900496 0.900496 0.900496 1 1 1 1 1 0.900496 0.900496 0.85928 0.777501 0.71856 0.777501 0.800991 0.800991 0.900496 1 1 1 1 0.900496 0.800991 0.70149 0.601985 0.502481 0.589734 0.685343 0.777501 0.85928 0.900496 0.900496 1 1 0.900496 0.900496 0.900496 0.85928 0.900496 1 1 1 0.900496 0.800991 0.777501 0.71856 0.70149 0.685343 0.641233 0.577839 0.502481 0.419796 0.394741 0.370682 0.332506 0.296402 0.362863 0.419796 0.464156 0.502481 0.577839 0.641233 0.685343 0.70149 0.70149 0.70149 0.70149 0.71856 0.777501 0.800991 0.85928 0.900496 1 1 1
1 0.900496 0.85928 0.85928 0.900496 1 1 1 1 0.900496 0.900496 0.900496 0.900496 0.85928 0.800991 0.777501 0.71856 0.685343 0.70149 0.70149 0.800991 0.900496 1 1 1 0.900496 0.85928 0.777501 0.685343 0.589734 0.492627 0.555005 0.641233 0.71856 0.777501 0.800991 0.85928 0.900496 0.900496 0.900496 1 1 0.900496 0.900496 1 1 1 0.900496 0.900496 0.85928 0.777501 0.685343 0.589734 0.555005 0.502481 0.437122 0.362863 0.296402 0.2756 0.296402 0.362863 0.437122 0.502481 0.555005 0.589734 0.641233 0.71856 0.777501 0.800991 0.800991 0.800991 0.800991 0.800991 0.85928 0.900496 0.900496 1 1 1 1
1 0.900496 0.900496 0.900496 1 0.900496 1 0.900496 0.900496 0.85928 0.800991 0.800991 0.800991 0.777501 0.71856 0.685343 0.71856 0.777501 0.800991 0.800991 0.800991 0.900496 1 1 1 0.900496 0.800991 0.71856 0.641233 0.555005 0.464156 0.502481 0.577839 0.641233 0.685343 0.71856 0.777501 0.800991 0.800991 0.85928 0.900496 0.900496 0.85928 0.85928 0.900496 1 0.900496 1 1 0.900496 0.800991 0.70149 0.601985 0.502481 0.419796 0.362863 0.296402 0.222849 0.296402 0.362863 0.437122 0.502481 0.577839 0.641233 0.685343 0.71856 0.777501 0.85928 0.900496 0.900496 0.900496 0.900496 0.900496 0.900496 1 1 1 0.900496 0.900496 0.900496
-1 0.900496 1 1 1 0.900496 0.900496 0.85928 0.800991 0.777501 0.71856 0.70149 0.70149 0.685343 0.641233 0.685343 0.777501 0.85928 0.900496 0.900496 0.900496 0.900496 1 1 0.900496 0.85928 0.777501 0.685343 0.589734 0.502481 0.419796 0.437122 0.502481 0.555005 0.589734 0.641233 0.685343 0.70149 0.71856 0.777501 0.800991 0.800991 0.777501 0.777501 0.85928 0.900496 0.85928 0.900496 1 0.900496 0.800991 0.70149 0.601985 0.502481 0.402976 0.303472 0.222849 0.296402 0.362863 0.437122 0.502481 0.577839 0.641233 0.71856 0.777501 0.800991 0.85928 0.900496 1 1 1 1 1 1 1 1 0.900496 0.900496 1 0.900496
-1 -1 1 1 0.900496 0.85928 0.800991 0.777501 0.71856 0.685343 0.70149 0.685343 0.641233 0.589734 0.641233 0.71856 0.800991 0.900496 1 1 1 1 1 1 0.900496 0.800991 0.71856 0.641233 0.555005 0.464156 0.370682 0.362863 0.419796 0.464156 0.502481 0.555005 0.589734 0.601985 0.641233 0.685343 0.70149 0.70149 0.70149 0.71856 0.777501 0.800991 0.777501 0.85928 0.900496 0.85928 0.777501 0.685343 0.589734 0.492627 0.394741 0.296402 0.296402 0.362863 0.437122 0.502481 0.577839 0.641233 0.71856 0.777501 0.85928 0.900496 0.900496 1 1 1 0.900496 1 0.900496 0.900496 0.900496 0.900496 0.85928 0.85928 0.900496 0.85928
-1 -1 -1 0.900496 0.85928 0.777501 0.71856 0.685343 0.71856 0.777501 0.800991 0.777501 0.71856 0.685343 0.70149 0.777501 0.85928 0.900496 1 1 1 1 1 1 0.900496 0.800991 0.70149 0.601985 0.502481 0.419796 0.332506 0.282466 0.332506 0.370682 0.419796 0.464156 0.492627 0.502481 0.555005 0.641233 0.71856 0.777501 0.800991 0.800991 0.800991 0.777501 0.71856 0.777501 0.800991 0.777501 0.71856 0.641233 0.555005 0.464156 0.370682 0.370682 0.394741 0.437122 0.502481 0.577839 0.641233 0.71856 0.777501 0.85928 0.900496 1 1 1 0.900496 0.900496 0.85928 0.900496 0.85928 0.800991 0.800991 0.800991 0.777501 0.777501 0.800991 0.777501
-1 -1 -1 0.800991 0.777501 0.71856 0.641233 0.685343 0.777501 0.85928 0.900496 0.85928 0.800991 0.777501 0.800991 0.800991 0.900496 1 1 1 1 1 1 1 0.900496 0.800991 0.70149 0.601985 0.502481 0.402976 0.303472 0.203971 0.242203 0.282466 0.332506 0.370682 0.394741 0.492627 0.589734 0.685343 0.777501 0.85928 0.900496 0.900496 0.900496 0.85928 0.777501 0.685343 0.70149 0.685343 0.641233 0.577839 0.502481 0.419796 0.419796 0.464156 0.492627 0.502481 0.577839 0.641233 0.71856 0.777501 0.85928 0.900496 1 1 0.900496 0.900496 0.85928 0.800991 0.777501 0.800991 0.777501 0.71856 0.70149 0.70149 0.685343 0.685343 0.70149 0.685343
-1 -1 -1 -1 0.685343 0.641233 0.601985 0.70149 0.800991 0.900496 1 0.900496 0.900496 0.85928 0.900496 0.85928 0.900496 1 1 1 1 1 1 0.900496 0.85928 0.777501 0.685343 0.589734 0.492627 0.394741 0.296402 0.197774 0.149838 0.197774 0.242203 0.303472 0.402976 0.502481 0.601985 0.70149 0.800991 0.900496 1 1 1 0.900496 0.800991 0.70149 0.601985 0.589734 0.555005 0.502481 0.437122 0.437122 0.502481 0.555005 0.589734 0.601985 0.641233 0.71856 0.777501 0.85928 0.900496 1 1 0.900496 0.85928 0.800991 0.777501 0.71856 0.685343 0.70149 0.685343 0.685343 0.70149 0.685343 0.641233 0.589734 0.601985 0.589734
-1 -1 -1 -1 0.589734 0.555005 0.601985 0.70149 0.800991 0.900496 1 1 1 0.900496 1 0.900496 0.900496 1 1 1 1 1 0.900496 0.85928 0.777501 0.71856 0.641233 0.555005 0.464156 0.370682 0.2756 0.179472 0.0826213 0.110011 0.197774 0.296402 0.394741 0.492627 0.589734 0.685343 0.777501 0.85928 0.900496 1 1 0.900496 0.800991 0.70149 0.601985 0.502481 0.464156 0.419796 0.419796 0.502481 0.577839 0.641233 0.685343 0.70149 0.71856 0.777501 0.85928 0.900496 1 1 1 1 0.900496 0.800991 0.70149 0.641233 0.589734 0.641233 0.71856 0.777501 0.800991 0.777501 0.71856 0.641233 0.577839 0.502481
-1 -1 -1 -1 0.492627 0.492627 0.589734 0.685343 0.777501 0.85928 0.900496 1 1 0.900496 0.900496 0.85928 0.900496 1 1 1 1 1 0.900496 0.800991 0.70149 0.641233 0.577839 0.502481 0.419796 0.332506 0.242203 0.149838 0.0560243 0.0826213 0.179472 0.2756 0.370682 0.464156 0.555005 0.641233 0.71856 0.777501 0.85928 0.900496 0.900496 0.85928 0.777501 0.685343 0.589734 0.492627 0.394741 0.394741 0.464156 0.555005 0.641233 0.71856 0.777501 0.800991 0.777501 0.85928 0.900496 1 1 0.900496 0.900496 0.900496 0.85928 0.777501 0.685343 0.641233 0.685343 0.70149 0.777501 0.85928 0.900496 0.85928 0.777501 0.71856 0.641233 0.555005
-1 -1 -1 -1 -1 0.464156 0.555005 0.641233 0.71856 0.800991 0.900496 1 1 1 0.900496 0.85928 0.900496 1 1 1 1 -1 -1 -1 0.685343 0.589734 0.502481 0.437122 0.362863 0.282466 0.197774 0.110011 0.104466 0.098955 0.149838 0.242203 0.332506 0.419796 0.502481 0.577839 0.641233 0.71856 0.777501 0.800991 0.800991 0.777501 0.71856 0.641233 0.555005 0.464156 0.464156 0.492627 0.502481 0.589734 0.685343 0.777501 0.85928 0.900496 0.85928 0.900496 1 1 0.900496 0.85928 0.800991 0.800991 0.777501 0.71856 0.641233 0.71856 0.777501 0.800991 0.800991 0.900496 1 0.900496 0.85928 0.777501 0.685343 0.589734
-1 -1 -1 -1 -1 -1 0.502481 0.589734 0.685343 0.777501 0.85928 0.900496 1 1 1 0.900496 0.900496 1 1 1 -1 -1 -1 -1 0.641233 0.555005 0.464156 0.370682 0.296402 0.222849 0.197774 0.203971 0.203971 0.197774 0.179472 0.197774 0.282466 0.362863 0.437122 0.502481 0.577839 0.641233 0.685343 0.70149 0.70149 0.685343 0.641233 0.577839 0.502481 0.502481 0.555005 0.589734 0.601985 0.601985 0.70149 0.800991 0.900496 1 0.900496 1 1 0.900496 0.85928 0.777501 0.71856 0.70149 0.685343 0.641233 0.685343 0.777501 0.85928 0.900496 0.85928 0.900496 1 1 0.900496 0.800991 0.70149 0.601985
-1 -1 -1 -1 -1 -1 -1 0.555005 0.641233 0.71856 0.777501 0.85928 0.900496 1 1 0.900496 1 1 1 -1 -1 -1 -1 -1 -1 0.502481 0.419796 0.332506 0.296402 0.303472 0.296402 0.303472 0.303472 0.296402 0.2756 0.242203 0.222849 0.296402 0.362863 0.437122 0.502481 0.555005 0.589734 0.601985 0.601985 0.589734 0.555005 0.502481 0.502481 0.577839 0.641233 0.685343 0.70149 0.70149 0.685343 0.777501 0.85928 0.900496 1 1 0.900496 0.900496 0.900496 0.85928 0.777501 0.685343 0.589734 0.601985 0.70149 0.800991 0.900496 1 0.900496 0.85928 0.900496 0.900496 0.85928 0.777501 0.685343 0.589734
-1 -1 -1 -1 -1 -1 -1 -1 0.577839 0.641233 0.71856 0.800991 0.900496 1 0.900496 1 1 1 -1 -1 -1 -1 -1 -1 -1 -1 0.362863 0.370682 0.394741 0.402976 0.394741 0.402976 0.402976 0.394741 0.370682 0.332506 0.282466 0.222849 0.296402 0.362863 0.419796 0.464156 0.492627 0.502481 0.502481 0.492627 0.464156 0.502481 0.577839 0.641233 0.71856 0.777501 0.800991 0.800991 0.777501 0.777501 0.800991 0.85928 0.900496 0.900496 0.900496 1 1 0.900496 0.800991 0.70149 0.601985 0.601985 0.70149 0.800991 0.900496 1 0.900496 0.85928 0.800991 0.800991 0.777501 0.71856 0.641233 0.555005
-1 -1 -1 -1 -1 -1 -1 -1 -1 0.601985 0.70149 0.800991 0.900496 1 1 1 -1 -1 -1 -1 -1 -1 -1 -1 -1 -1 -1 0.464156 0.492627 0.502481 0.492627 0.502481 0.502481 0.492627 0.464156 0.419796 0.362863 0.296402 0.222849 0.282466 0.332506 0.370682 0.394741 0.419796 0.464156 0.492627 0.502481 0.577839 0.641233 0.71856 0.777501 0.85928 0.900496 0.900496 0.85928 0.85928 0.900496 0.900496 0.85928 0.800991 0.900496 1 1 0.900496 0.800991 0.70149 0.601985 0.601985 0.70149 0.800991 0.900496 1 1 0.900496 0.800991 0.70149 0.70149 0.685343 0.641233 0.577839
-1 -1 -1 -1 -1 -1 -1 -1 -1 -1 0.685343 0.777501 0.85928 0.900496 1 -1 -1 -1 -1 -1 -1 -1 -1 -1 -1 -1 -1 0.555005 0.589734 0.601985 0.589734 0.601985 0.601985 0.589734 0.555005 0.502481 0.437122 0.362863 0.282466 0.197774 0.282466 0.362863 0.437122 0.502481 0.555005 0.589734 0.601985 0.641233 0.71856 0.777501 0.85928 0.900496 1 1 0.900496 0.900496 1 1 0.900496 0.800991 0.85928 0.900496 0.900496 0.85928 0.777501 0.685343 0.589734 0.589734 0.685343 0.777501 0.85928 0.900496 0.900496 0.85928 0.800991 0.800991 0.800991 0.777501 0.71856 0.641233
-1 -1 -1 -1 -1 -1 -1 -1 -1 -1 -1 0.800991 0.900496 1 1 -1 -1 -1 -1 -1 -1 -1 -1 -1 -1 -1 -1 -1 -1 0.70149 0.685343 0.70149 0.70149 0.685343 0.641233 0.577839 0.502481 0.419796 0.332506 0.242203 0.332506 0.419796 0.502481 0.577839 0.641233 0.685343 0.70149 0.71856 0.777501 0.85928 0.900496 1 1 1 0.900496 0.900496 1 1 0.900496 0.800991 0.777501 0.800991 0.800991 0.777501 0.71856 0.641233 0.555005 0.555005 0.641233 0.71856 0.777501 0.800991 0.800991 0.85928 0.900496 0.900496 0.900496 0.85928 0.777501 0.685343
-1 -1 -1 -1 -1 -1 -1 -1 -1 -1 -1 0.800991 0.900496 1 -1 -1 -1 -1 -1 -1 -1 -1 -1 -1 -1 -1 -1 -1 -1 0.800991 0.777501 0.800991 0.800991 0.777501 0.71856 0.641233 0.555005 0.464156 0.370682 0.2756 0.370682 0.464156 0.555005 0.641233 0.71856 0.777501 0.800991 0.800991 0.85928 0.900496 1 1 1 0.900496 0.85928 0.85928 0.900496 0.900496 0.85928 0.777501 0.685343 0.70149 0.70149 0.685343 0.641233 0.589734 0.601985 0.601985 0.589734 0.641233 0.685343 0.70149 0.800991 0.900496 1 1 1 0.900496 0.800991 0.70149
-1 -1 -1 -1 -1 -1 -1 -1 -1 -1 -1 -1 0.85928 -1 -1 -1 -1 -1 -1 -1 -1 -1 -1 -1 -1 -1 -1 -1 -1 0.900496 0.85928 0.900496 0.900496 0.85928 0.777501 0.685343 0.589734 0.492627 0.394741 0.296402 0.394741 0.492627 0.589734 0.685343 0.777501 0.85928 0.900496 0.900496 0.900496 1 1 0.900496 0.900496 0.85928 0.777501 0.777501 0.800991 0.800991 0.777501 0.71856 0.641233 0.601985 0.601985 0.589734 0.641233 0.685343 0.70149 0.70149 0.685343 0.641233 0.589734 0.685343 0.777501 0.85928 0.900496 0.900496 0.900496 0.85928 0.777501 0.685343
-1 -1 -1 -1 -1 -1 -1 -1 -1 -1 -1 -1 -1 -1 -1 -1 -1 -1 -1 -1 -1 -1 -1 -1 -1 -1 -1 -1 0.900496 1 0.900496 1 1 0.900496 0.800991 0.70149 0.601985 0.502481 0.402976 0.303472 0.402976 0.502481 0.601985 0.70149 0.800991 0.900496 1 1 1 1 0.900496 0.85928 0.800991 0.777501 0.71856 0.777501 0.85928 0.900496 0.85928 0.777501 0.685343 0.589734 0.555005 0.641233 0.71856 0.777501 0.800991 0.800991 0.777501 0.71856 0.641233 0.641233 0.71856 0.777501 0.800991 0.800991 0.800991 0.777501 0.71856 0.641233
-1 -1 -1 -1 -1 -1 -1 -1 -1 -1 -1 -1 -1 -1 -1 -1 -1 -1 -1 -1 -1 -1 -1 -1 -1 -1 -1 -1 0.85928 0.900496 0.900496 1 1 0.900496 0.800991 0.70149 0.601985 0.502481 0.402976 0.303472 0.402976 0.502481 0.601985 0.70149 0.800991 0.900496 1 1 0.900496 0.900496 0.900496 0.85928 0.777501 0.685343 0.70149 0.800991 0.900496 1 0.900496 0.800991 0.70149 0.601985 0.589734 0.685343 0.777501 0.85928 0.900496 0.900496 0.85928 0.777501 0.685343 0.589734 0.641233 0.685343 0.70149 0.70149 0.70149 0.685343 0.641233 0.577839
-1 -1 -1 -1 -1 -1 -1 -1 -1 -1 -1 -1 -1 -1 -1 -1 -1 -1 -1 -1 -1 -1 -1 -1 -1 -1 -1 -1 0.777501 0.800991 0.85928 0.900496 0.900496 0.85928 0.777501 0.685343 0.589734 0.492627 0.394741 0.296402 0.394741 0.492627 0.589734 0.685343 0.777501 0.85928 0.900496 0.900496 1 1 1 0.900496 0.800991 0.777501 0.800991 0.800991 0.85928 0.900496 0.85928 0.777501 0.71856 0.641233 0.641233 0.70149 0.800991 0.900496 1 1 0.900496 0.800991 0.70149 0.685343 0.641233 0.589734 0.601985 0.601985 0.601985 0.589734 0.555005 0.502481
-1 -1 -1 -1 -1 -1 -1 -1 -1 -1 -1 -1 -1 -1 -1 -1 -1 -1 -1 -1 -1 -1 -1 -1 -1 -1 -1 -1 -1 0.71856 0.777501 0.800991 0.800991 0.777501 0.71856 0.641233 0.555005 0.464156 0.370682 0.2756 0.370682 0.464156 0.555005 0.641233 0.71856 0.777501 0.800991 0.85928 0.900496 0.900496 0.900496 0.85928 0.777501 0.85928 0.900496 0.900496 0.85928 0.85928 0.900496 0.85928 0.777501 0.685343 0.71856 0.777501 0.800991 0.900496 1 1 0.900496 0.800991 0.800991 0.777501 0.71856 0.641233 0.555005 0.502481 0.502481 0.502481 0.492627 0.464156
-1 -1 -1 -1 -1 -1 -1 -1 -1 -1 -1 -1 -1 -1 -1 -1 -1 -1 -1 -1 -1 -1 -1 -1 -1 -1 -1 -1 -1 -1 -1 0.70149 0.70149 0.685343 0.641233 0.577839 0.502481 0.419796 0.332506 0.282466 0.332506 0.419796 0.502481 0.577839 0.641233 0.685343 0.71856 0.777501 0.800991 0.85928 0.900496 0.85928 0.85928 0.900496 1 1 0.900496 0.900496 1 0.900496 0.800991 0.70149 0.777501 0.85928 0.900496 0.900496 1 1 0.900496 0.85928 0.900496 0.85928 0.777501 0.685343 0.601985 0.601985 0.601985 0.601985 0.589734 0.555005
-1 -1 -1 -1 -1 -1 -1 -1 -1 -1 -1 -1 -1 -1 -1 -1 -1 -1 -1 -1 -1 -1 -1 -1 -1 -1 -1 -1 -1 -1 -1 -1 0.601985 0.589734 0.555005 0.502481 0.437122 0.362863 0.332506 0.370682 0.419796 0.464156 0.502481 0.577839 0.641233 0.685343 0.777501 0.85928 0.900496 0.900496 1 0.900496 0.900496 1 0.900496 0.900496 0.900496 0.900496 0.900496 0.85928 0.777501 0.70149 0.800991 0.900496 1 0.900496 0.900496 0.900496 0.85928 0.900496 1 0.900496 0.800991 0.70149 0.70149 0.70149 0.70149 0.70149 0.685343 0.641233
-1 -1 -1 -1 -1 -1 -1 -1 -1 -1 -1 -1 -1 -1 -1 -1 -1 -1 -1 -1 -1 -1 -1 -1 -1 -1 -1 -1 -1 -1 -1 -1 -1 0.492627 0.464156 -1 0.362863 0.370682 0.419796 0.464156 0.502481 0.555005 0.589734 0.641233 0.71856 0.777501 0.800991 0.900496 1 1 0.900496 0.85928 0.85928 0.900496 0.900496 0.900496 1 1 0.900496 0.800991 0.71856 0.70149 0.800991 0.900496 1 0.900496 0.800991 0.800991 0.777501 0.85928 0.900496 0.85928 0.777501 0.800991 0.800991 0.800991 0.800991 0.800991 0.777501 0.71856
-1 -1 -1 -1 -1 -1 -1 -1 -1 -1 -1 -1 -1 -1 -1 -1 -1 -1 -1 -1 -1 -1 -1 -1 -1 -1 -1 -1 -1 -1 -1 -1 -1 -1 -1 -1 -1 0.464156 0.502481 0.555005 0.589734 0.641233 0.685343 0.70149 0.777501 0.85928 0.900496 0.900496 0.900496 0.900496 0.85928 0.800991 0.900496 1 1 0.900496 1 1 0.900496 0.800991 0.777501 0.800991 0.777501 0.85928 0.900496 0.85928 0.777501 0.70149 0.800991 0.900496 1 0.900496 0.85928 0.900496 0.900496 0.900496 0.900496 0.900496 0.85928 0.777501
-1 -1 -1 -1 -1 -1 -1 -1 -1 -1 -1 -1 -1 -1 -1 -1 -1 -1 -1 -1 -1 -1 -1 -1 -1 -1 -1 -1 -1 -1 -1 -1 -1 -1 -1 -1 -1 -1 0.589734 0.641233 0.685343 0.71856 0.777501 0.800991 0.800991 0.900496 1 1 0.900496 0.800991 0.800991 0.800991 0.900496 1 0.900496 0.85928 0.900496 0.900496 0.85928 0.777501 0.85928 0.900496 0.85928 0.900496 0.85928 0.777501 0.71856 0.685343 0.777501 0.85928 0.900496 0.85928 0.900496 1 1 1 1 1 0.900496 0.800991
-1 -1 -1 -1 -1 -1 -1 -1 -1 -1 -1 -1 -1 -1 -1 -1 -1 -1 -1 -1 -1 -1 -1 -1 -1 -1 -1 -1 -1 -1 -1 -1 -1 -1 -1 -1 -1 -1 0.685343 0.71856 0.777501 0.800991 0.85928 0.900496 0.900496 0.900496 0.900496 0.900496 0.85928 0.900496 0.900496 0.85928 0.85928 0.900496 0.85928 0.900496 0.900496 0.85928 0.777501 0.800991 0.900496 1 0.900496 1 0.900496 0.800991 0.70149 0.641233 0.71856 0.777501 0.800991 0.777501 0.85928 0.900496 0.900496 0.900496 0.900496 0.900496 0.85928 0.777501
-1 -1 -1 -1 -1 -1 -1 -1 -1 -1 -1 -1 -1 -1 -1 -1 -1 -1 -1 -1 -1 -1 -1 -1 -1 -1 -1 -1 -1 -1 -1 -1 -1 -1 -1 -1 -1 -1 0.777501 0.800991 0.85928 0.900496 0.900496 1 1 1 0.900496 0.800991 0.900496 1 1 0.900496 0.800991 0.800991 0.900496 1 1 0.900496 0.800991 0.85928 0.900496 1 1 1 0.900496 0.800991 0.71856 0.641233 0.641233 0.685343 0.70149 0.71856 0.777501 0.800991 0.800991 0.800991 0.800991 0.85928 0.900496 0.85928
-1 -1 -1 -1 -1 -1 -1 -1 -1 -1 -1 -1 -1 -1 -1 -1 -1 -1 -1 -1 -1 -1 -1 -1 -1 -1 -1 -1 -1 -1 -1 -1 -1 -1 -1 -1 -1 -1 0.85928 0.900496 0.900496 1 1 1 1 0.900496 0.900496 0.900496 0.900496 1 0.900496 0.85928 0.85928 0.900496 0.85928 0.900496 0.900496 0.85928 0.800991 0.900496 1 1 0.900496 0.900496 0.900496 0.85928 0.777501 0.685343 0.685343 0.70149 0.71856 0.777501 0.800991 0.800991 0.777501 0.777501 0.85928 0.900496 1 0.900496
-1 -1 -1 -1 -1 -1 -1 -1 -1 -1 -1 -1 -1 -1 -1 -1 -1 -1 -1 -1 -1 -1 -1 -1 -1 -1 -1 -1 -1 -1 -1 -1 -1 -1 -1 -1 -1 -1 -1 1 1 0.900496 0.900496 0.900496 0.900496 0.900496 1 1 0.900496 0.900496 0.85928 0.85928 0.900496 1 0.900496 0.800991 0.800991 0.777501 0.800991 0.900496 1 0.900496 0.85928 0.900496 1 0.900496 0.800991 0.71856 0.777501 0.800991 0.777501 0.85928 0.900496 0.900496 0.85928 0.800991 0.900496 1 1 0.900496
-1 -1 -1 -1 -1 -1 -1 -1 -1 -1 -1 -1 -1 -1 -1 -1 -1 -1 -1 -1 -1 -1 -1 -1 -1 -1 -1 -1 -1 -1 -1 -1 -1 -1 -1 -1 -1 -1 -1 1 1 0.900496 0.900496 0.85928 0.800991 0.900496 1 1 0.900496 0.800991 0.800991 0.900496 1 1 0.900496 0.800991 0.70149 0.70149 0.800991 0.900496 1 1 0.900496 0.85928 0.900496 0.85928 0.777501 0.777501 0.85928 0.900496 0.85928 0.900496 1 1 0.900496 0.900496 0.900496 1 0.900496 0.85928
-1 -1 -1 -1 -1 -1 -1 -1 -1 -1 -1 -1 -1 -1 -1 -1 -1 -1 -1 -1 -1 -1 -1 -1 -1 -1 -1 -1 -1 -1 -1 -1 -1 -1 -1 -1 -1 -1 -1 -1 0.900496 0.900496 1 0.900496 0.85928 0.85928 0.900496 0.900496 0.85928 0.900496 0.900496 0.85928 0.900496 0.900496 0.85928 0.777501 0.685343 0.685343 0.777501 0.85928 0.900496 0.900496 0.85928 0.777501 0.800991 0.777501 0.777501 0.85928 0.900496 1 0.900496 1 1 1 0.900496 1 0.900496 1 0.900496 0.800991
-1 -1 -1 -1 -1 -1 -1 -1 -1 -1 -1 -1 -1 -1 -1 -1 -1 -1 -1 -1 -1 -1 -1 -1 -1 -1 -1 -1 -1 -1 -1 -1 -1 -1 -1 -1 -1 -1 -1 -1 0.800991 0.900496 1 1 0.900496 0.800991 0.800991 0.800991 0.900496 1 1 0.900496 0.800991 0.800991 0.777501 0.71856 0.641233 0.641233 0.71856 0.777501 0.800991 0.800991 0.777501 0.71856 0.71856 0.777501 0.800991 0.900496 1 1 0.900496 1 0.900496 0.900496 0.85928 0.900496 0.85928 0.900496 0.85928 0.777501
-1 -1 -1 -1 -1 -1 -1 -1 -1 -1 -1 -1 -1 -1 -1 -1 -1 -1 -1 -1 -1 -1 -1 -1 -1 -1 -1 -1 -1 -1 -1 -1 -1 -1 -1 -1 -1 -1 -1 -1 -1 0.85928 0.900496 0.900496 0.900496 0.85928 0.777501 0.800991 0.900496 1 1 0.900496 0.800991 -1 0.685343 0.641233 0.601985 0.601985 0.641233 0.685343 0.70149 0.70149 0.685343 0.685343 0.777501 0.85928 0.900496 0.85928 0.900496 0.900496 0.85928 0.900496 0.85928 0.85928 0.900496 0.85928 0.900496 1 0.900496 0.800991
