data/inputs/data/development_proximity_100m.asc
ncols 210
nrows 180
xllcorner 240000
yllcorner 644000
cellsize 100
NODATA_value -1
[rows 36 to 71 of 180, columns 0 to 79 of 210]
-1 -1 -1 -1 -1 -1 -1 -1 -1 -1 -1 -1 -1 -1 -1 -1 -1 -1 -1 -1 -1 -1 -1 -1 -1 -1 -1 -1 -1 -1 -1 -1 -1 -1 -1 -1 0.85928 0.900496 0.900496 1 1 0.900496 0.85928 0.777501 0.71856 0.777501 0.85928 0.900496 1 0.900496 0.85928 0.900496 0.900496 1 1 1 1 1 0.900496 0.800991 0.70149 0.777501 0.85928 0.900496 1 1 1 0.900496 1 1 1 1 0.900496 0.85928 0.777501 0.70149 0.71856 0.777501 0.800991 0.800991
-1 -1 -1 -1 -1 -1 -1 -1 -1 -1 -1 -1 -1 -1 -1 -1 -1 -1 -1 -1 -1 -1 -1 -1 -1 -1 -1 -1 -1 -1 -1 -1 -1 -1 -1 -1 0.777501 0.800991 0.85928 0.900496 1 1 0.900496 0.85928 0.800991 0.85928 0.900496 1 1 0.900496 0.800991 0.800991 0.85928 0.900496 1 1 1 0.900496 0.85928 0.777501 0.71856 0.71856 0.777501 0.85928 0.900496 0.900496 0.900496 0.900496 1 1 1 1 1 0.900496 0.800991 0.70149 0.641233 0.71856 0.777501 0.85928
-1 -1 -1 -1 -1 -1 -1 -1 -1 -1 -1 -1 -1 -1 -1 -1 -1 -1 -1 -1 -1 -1 -1 -1 -1 -1 -1 -1 -1 -1 -1 -1 -1 -1 -1 -1 0.71856 0.71856 0.777501 0.85928 0.900496 1 1 0.900496 0.900496 0.900496 1 1 1 0.900496 0.800991 0.71856 0.777501 0.85928 0.900496 1 1 1 0.900496 0.85928 0.800991 0.800991 0.777501 0.777501 0.800991 0.800991 0.800991 0.900496 1 1 0.900496 0.900496 0.900496 0.85928 0.777501 0.70149 0.71856 0.777501 0.85928 0.900496
-1 -1 -1 -1 -1 -1 -1 -1 -1 -1 -1 -1 -1 -1 -1 -1 -1 -1 -1 -1 -1 -1 -1 -1 -1 -1 -1 -1 -1 -1 -1 -1 -1 -1 -1 0.71856 0.641233 0.685343 0.71856 0.777501 0.85928 0.900496 1 1 1 1 1 0.900496 0.900496 0.85928 0.777501 0.685343 0.71856 0.777501 0.85928 0.900496 0.900496 1 1 0.900496 0.900496 0.900496 0.85928 0.800991 0.777501 0.71856 0.777501 0.85928 0.900496 1 1 0.900496 0.85928 0.800991 0.800991 0.800991 0.800991 0.85928 0.900496 1
-1 -1 -1 -1 -1 -1 -1 -1 -1 -1 -1 -1 -1 -1 -1 -1 -1 -1 -1 -1 -1 -1 -1 -1 -1 -1 -1 -1 -1 -1 -1 -1 -1 -1 0.71856 0.641233 0.71856 0.777501 0.800991 0.777501 0.85928 0.900496 0.900496 1 1 0.900496 0.900496 0.85928 0.800991 0.777501 0.71856 0.641233 0.641233 0.71856 0.777501 0.800991 0.85928 0.900496 1 1 1 1 0.900496 0.900496 0.85928 0.800991 0.800991 0.85928 0.900496 0.900496 1 1 0.900496 0.900496 0.900496 0.900496 0.900496 0.900496 1 1
-1 -1 -1 -1 -1 -1 -1 -1 -1 -1 -1 -1 -1 -1 -1 -1 -1 -1 -1 -1 -1 -1 -1 -1 -1 -1 -1 -1 -1 -1 -1 -1 -1 0.71856 0.641233 0.685343 0.777501 0.85928 0.900496 0.85928 0.900496 1 1 1 1 0.900496 0.800991 0.777501 0.71856 0.685343 0.641233 0.577839 0.577839 0.641233 0.685343 0.71856 0.777501 0.85928 0.900496 0.900496 0.900496 1 1 1 0.900496 0.900496 0.900496 0.900496 1 1 1 1 1 1 1 1 1 1 1 1
-1 -1 -1 -1 -1 -1 -1 -1 -1 -1 -1 -1 -1 -1 -1 -1 -1 -1 -1 -1 -1 -1 -1 -1 -1 -1 -1 -1 -1 -1 -1 0.777501 0.71856 0.641233 0.641233 0.70149 0.800991 0.900496 1 0.900496 1 1 0.900496 0.900496 1 0.900496 0.800991 0.71856 0.641233 0.589734 0.555005 0.589734 0.601985 0.589734 0.589734 0.641233 0.71856 0.777501 0.800991 0.800991 0.900496 1 0.900496 1 1 1 1 1 1 0.900496 0.900496 1 1 1 1 1 1 1 1 1
-1 -1 -1 -1 -1 -1 -1 -1 -1 -1 -1 -1 -1 -1 -1 -1 -1 -1 -1 -1 -1 -1 -1 -1 -1 -1 -1 -1 -1 -1 0.777501 0.71856 0.641233 0.685343 0.71856 0.777501 0.85928 0.900496 1 1 1 0.900496 0.85928 0.900496 1 0.900496 0.85928 0.777501 0.685343 0.589734 0.641233 0.685343 0.70149 0.685343 0.641233 0.685343 0.70149 0.685343 0.71856 0.777501 0.85928 0.900496 1 1 1 1 0.900496 0.900496 0.900496 0.85928 0.85928 0.900496 1 1 1 1 1 1 1 1
-1 -1 -1 -1 -1 -1 -1 -1 -1 -1 -1 -1 -1 -1 -1 -1 -1 -1 -1 -1 -1 -1 -1 -1 -1 -1 1 0.900496 0.85928 0.777501 0.71856 0.685343 0.71856 0.777501 0.800991 0.85928 0.900496 1 1 1 0.900496 0.85928 0.800991 0.900496 1 1 0.900496 0.800991 0.71856 0.641233 0.71856 0.777501 0.800991 0.777501 0.71856 0.777501 0.800991 0.777501 0.777501 0.85928 0.900496 1 1 1 0.900496 0.900496 0.85928 0.800991 0.85928 0.900496 0.900496 1 1 1 1 0.900496 0.900496 1 1 1
-1 -1 -1 -1 -1 -1 -1 -1 -1 -1 -1 -1 -1 -1 -1 -1 -1 -1 -1 -1 -1 -1 -1 -1 -1 1 0.900496 0.85928 0.777501 0.71856 0.71856 0.777501 0.800991 0.85928 0.900496 0.900496 1 1 0.900496 0.900496 0.85928 0.777501 0.800991 0.900496 1 1 0.900496 0.85928 0.777501 0.71856 0.777501 0.85928 0.900496 0.85928 0.800991 0.85928 0.900496 0.85928 0.85928 0.900496 1 1 0.900496 0.900496 0.85928 0.800991 0.85928 0.900496 0.900496 1 1 1 1 1 1 0.900496 1 1 1 1
-1 -1 -1 -1 -1 -1 -1 -1 -1 -1 -1 -1 -1 -1 -1 -1 -1 -1 -1 -1 -1 -1 -1 -1 1 1 0.900496 0.800991 0.71856 0.777501 0.800991 0.85928 0.900496 0.900496 1 1 1 0.900496 0.85928 0.800991 0.777501 0.71856 0.777501 0.85928 0.900496 1 1 0.900496 0.800991 0.777501 0.85928 0.900496 1 0.900496 0.900496 0.900496 1 0.900496 0.900496 1 1 0.900496 0.85928 0.800991 0.800991 0.85928 0.900496 1 1 1 1 1 1 1 1 1 1 1 1 1
-1 -1 -1 -1 -1 -1 -1 -1 -1 -1 -1 -1 -1 -1 -1 -1 -1 -1 -1 -1 -1 -1 -1 1 1 0.900496 0.85928 0.800991 0.800991 0.85928 0.900496 0.900496 1 1 1 1 0.900496 0.85928 0.777501 0.71856 0.685343 0.641233 0.71856 0.777501 0.85928 0.900496 1 0.900496 0.85928 0.800991 0.900496 1 1 1 1 0.900496 1 1 1 1 0.900496 0.85928 0.777501 0.85928 0.900496 0.900496 1 1 1 0.900496 1 1 1 1 1 1 1 1 1 1
-1 -1 -1 -1 -1 -1 -1 -1 -1 -1 -1 -1 -1 -1 -1 -1 -1 -1 -1 -1 -1 -1 -1 1 0.900496 0.85928 0.85928 0.900496 0.900496 0.900496 1 1 1 1 1 0.900496 0.85928 0.777501 0.800991 0.777501 0.71856 0.641233 0.641233 0.71856 0.800991 0.900496 1 1 0.900496 0.800991 0.900496 1 1 1 1 1 1 1 0.900496 0.900496 0.85928 0.800991 0.85928 0.900496 1 1 1 0.900496 0.900496 0.900496 1 1 1 1 1 1 1 1 1 1
-1 -1 -1 -1 -1 -1 -1 -1 -1 -1 -1 -1 -1 -1 -1 -1 -1 -1 -1 -1 -1 -1 0.900496 1 1 0.900496 0.900496 1 1 1 1 0.900496 0.900496 0.900496 0.900496 0.85928 0.777501 0.85928 0.900496 0.85928 0.777501 0.685343 0.589734 0.685343 0.777501 0.85928 0.900496 1 0.900496 0.900496 0.900496 0.900496 1 1 1 0.900496 1 1 0.900496 0.85928 0.900496 0.900496 0.900496 1 1 1 0.900496 0.85928 0.900496 1 0.900496 1 1 1 1 1 1 1 1 1
-1 -1 -1 -1 -1 -1 -1 -1 -1 -1 -1 -1 -1 -1 -1 -1 -1 -1 -1 -1 -1 -1 0.85928 0.900496 1 1 0.900496 1 1 1 0.900496 0.85928 0.800991 0.800991 0.800991 0.777501 0.800991 0.900496 1 0.900496 0.800991 0.70149 0.601985 0.641233 0.71856 0.800991 0.900496 1 1 1 1 1 1 0.900496 0.900496 0.85928 0.900496 0.900496 0.85928 0.900496 1 1 1 1 0.900496 0.900496 0.85928 0.800991 0.900496 1 1 1 1 1 1 1 1 1 0.900496 1
-1 -1 -1 -1 -1 -1 -1 -1 -1 -1 -1 -1 -1 -1 -1 -1 -1 -1 -1 -1 -1 -1 0.777501 0.85928 0.900496 1 1 1 1 0.900496 0.85928 0.777501 0.71856 0.70149 0.70149 0.685343 0.777501 0.85928 0.900496 0.85928 0.777501 0.685343 0.685343 0.70149 0.70149 0.800991 0.900496 1 1 1 1 1 1 0.900496 0.800991 0.800991 0.85928 0.900496 0.900496 1 1 1 0.900496 0.900496 0.85928 0.800991 0.85928 0.900496 0.900496 1 1 1 1 1 1 1 1 1 1 1
-1 -1 -1 -1 -1 -1 0.777501 0.685343 0.589734 0.492627 0.394741 0.296402 -1 -1 -1 -1 -1 -1 -1 -1 -1 0.777501 0.800991 0.800991 0.85928 0.900496 1 1 0.900496 0.85928 0.777501 0.71856 0.641233 0.601985 0.641233 0.685343 0.71856 0.777501 0.800991 0.777501 0.71856 0.71856 0.777501 0.800991 0.800991 0.800991 0.900496 1 1 0.900496 0.900496 1 1 0.900496 0.85928 0.900496 0.900496 1 1 1 1 0.900496 0.900496 0.85928 0.900496 0.900496 0.900496 1 1 1 1 1 1 1 1 1 1 1 1 1
-1 -1 -1 -1 -1 0.777501 0.71856 0.641233 0.555005 0.464156 0.370682 0.2756 0.179472 -1 -1 -1 -1 -1 -1 -1 -1 0.85928 0.900496 0.900496 0.900496 1 1 0.900496 0.85928 0.777501 0.71856 0.641233 0.577839 0.641233 0.71856 0.777501 0.800991 0.777501 0.71856 0.685343 0.685343 0.777501 0.85928 0.900496 0.900496 0.900496 0.85928 0.900496 0.900496 0.85928 0.85928 0.900496 0.900496 0.900496 0.900496 1 1 1 1 0.900496 0.900496 1 1 0.900496 1 1 1 1 1 1 1 1 1 1 1 1 1 1 1 1
-1 -1 -1 -1 0.777501 0.685343 0.641233 0.577839 0.502481 0.419796 0.332506 0.242203 0.155682 0.222849 -1 -1 -1 -1 -1 -1 0.800991 0.900496 1 1 1 1 1 1 0.900496 0.800991 0.70149 0.601985 0.589734 0.685343 0.777501 0.85928 0.900496 0.85928 0.800991 0.777501 0.71856 0.800991 0.900496 1 1 1 0.900496 0.85928 0.800991 0.800991 0.85928 0.900496 0.900496 1 1 1 1 0.900496 0.900496 0.85928 0.85928 0.900496 0.900496 1 1 0.900496 0.900496 0.900496 0.900496 1 1 1 1 1 1 1 1 1 1 0.900496
-1 -1 -1 -1 0.71856 0.641233 0.555005 0.502481 0.437122 0.362863 0.296402 0.222849 0.222849 0.296402 0.362863 0.437122 -1 -1 -1 -1 0.777501 0.85928 0.900496 1 1 0.900496 0.900496 0.900496 0.85928 0.777501 0.685343 0.589734 0.601985 0.70149 0.800991 0.900496 1 0.900496 0.900496 0.85928 0.777501 0.777501 0.85928 0.900496 1 0.900496 1 0.900496 0.900496 0.900496 0.900496 1 1 1 1 1 0.900496 0.900496 0.900496 0.900496 0.900496 1 1 1 1 0.900496 0.900496 0.900496 1 1 1 1 1 1 1 1 1 1 1 0.900496
-1 -1 -1 0.777501 0.685343 0.601985 0.589734 0.555005 0.502481 0.437122 0.362863 0.282466 0.296402 0.362863 0.437122 0.502481 0.577839 0.641233 0.71856 0.777501 0.85928 0.900496 1 1 0.900496 0.85928 0.800991 0.800991 0.777501 0.71856 0.641233 0.555005 0.601985 0.70149 0.800991 0.900496 1 0.900496 1 0.900496 0.800991 0.777501 0.800991 0.85928 0.900496 0.900496 1 0.900496 1 1 1 1 1 0.900496 0.900496 1 1 1 1 1 1 1 0.900496 0.900496 0.900496 0.900496 1 1 1 1 0.900496 0.900496 0.900496 1 1 1 1 0.900496 0.900496 0.85928
-1 -1 -1 0.71856 0.70149 0.70149 0.685343 0.641233 0.577839 0.502481 0.419796 0.332506 0.362863 0.437122 0.502481 0.577839 0.641233 0.71856 0.777501 0.85928 0.900496 1 1 0.900496 0.85928 0.777501 0.71856 0.70149 0.70149 0.70149 0.685343 0.641233 0.589734 0.685343 0.777501 0.85928 0.900496 0.85928 0.900496 0.85928 0.800991 0.85928 0.900496 0.900496 1 1 1 1 1 1 1 0.900496 0.900496 1 1 1 1 0.900496 0.900496 1 0.900496 1 1 1 1 1 1 1 0.900496 0.900496 0.900496 1 1 0.900496 1 1 0.900496 0.85928 0.800991 0.777501
-1 -1 -1 0.777501 0.800991 0.800991 0.777501 0.71856 0.641233 0.555005 0.464156 0.370682 0.419796 0.502481 0.577839 0.641233 0.71856 0.777501 0.85928 0.900496 1 1 1 0.900496 0.800991 0.800991 0.800991 0.777501 0.800991 0.800991 0.777501 0.71856 0.641233 0.641233 0.71856 0.777501 0.800991 0.777501 0.800991 0.85928 0.900496 0.900496 1 1 1 1 1 1 1 1 1 0.900496 1 1 1 0.900496 0.900496 0.85928 0.900496 1 1 1 0.900496 0.900496 0.900496 0.900496 0.900496 0.900496 0.900496 0.900496 0.900496 1 1 0.900496 1 1 0.900496 0.800991 0.800991 0.800991
-1 -1 -1 0.85928 0.900496 0.900496 0.85928 0.777501 0.685343 0.589734 0.492627 0.464156 0.492627 0.555005 0.641233 0.71856 0.777501 0.85928 0.900496 1 1 1 1 0.900496 0.85928 0.900496 0.900496 0.85928 0.900496 0.900496 0.85928 0.777501 0.685343 0.589734 0.641233 0.71856 0.777501 0.85928 0.900496 0.900496 1 1 1 0.900496 1 1 1 0.900496 0.900496 0.900496 1 1 1 0.900496 0.900496 0.900496 0.900496 0.900496 1 1 1 0.900496 0.900496 1 1 1 0.900496 0.900496 1 1 0.900496 0.900496 0.900496 0.900496 1 1 0.900496 0.85928 0.900496 0.900496
-1 -1 0.800991 0.900496 1 1 0.900496 0.800991 0.70149 0.601985 0.589734 0.555005 0.589734 0.601985 0.685343 0.777501 0.85928 0.900496 1 1 0.900496 1 0.900496 0.900496 0.900496 1 1 0.900496 1 1 0.900496 0.800991 0.70149 0.641233 0.71856 0.777501 0.85928 0.900496 1 1 1 0.900496 0.900496 1 1 1 1 1 1 1 1 1 1 1 1 1 1 0.900496 0.900496 1 1 1 1 1 0.900496 1 1 1 1 1 1 1 1 1 1 1 1 0.900496 1 1
-1 -1 0.800991 0.900496 1 1 0.900496 0.800991 0.70149 0.70149 0.685343 0.641233 0.685343 0.70149 0.70149 0.800991 0.900496 1 1 0.900496 0.900496 1 1 1 1 1 1 0.900496 1 1 0.900496 0.800991 0.70149 0.71856 0.777501 0.85928 0.900496 1 1 0.900496 0.900496 0.900496 1 1 1 1 1 1 1 1 1 0.900496 0.900496 0.900496 0.900496 0.900496 0.900496 0.900496 0.900496 0.900496 0.900496 0.900496 1 0.900496 0.85928 0.900496 0.900496 0.900496 0.900496 0.900496 0.900496 0.900496 1 1 0.900496 0.900496 1 0.900496 1 1
-1 -1 0.800991 0.85928 0.900496 0.900496 0.85928 0.777501 0.800991 0.800991 0.777501 0.71856 0.777501 0.800991 0.800991 0.85928 0.900496 1 1 0.900496 0.85928 0.900496 1 1 1 1 1 0.900496 1 1 0.900496 0.800991 0.71856 0.777501 0.85928 0.900496 1 1 0.900496 0.85928 0.900496 1 1 1 1 1 1 0.900496 0.900496 0.900496 0.900496 0.85928 0.800991 0.800991 0.800991 0.800991 0.900496 1 1 0.900496 0.900496 1 1 0.900496 0.800991 0.800991 0.800991 0.800991 0.800991 0.800991 0.85928 0.900496 1 1 0.900496 0.85928 0.900496 0.85928 0.900496 0.900496
-1 0.900496 0.900496 0.900496 0.85928 0.800991 0.800991 0.85928 0.900496 0.900496 0.85928 0.777501 0.85928 0.900496 0.900496 0.900496 1 1 0.900496 0.85928 0.85928 0.900496 1 1 0.900496 1 0.900496 0.85928 0.900496 0.900496 0.85928 0.777501 0.800991 0.85928 0.900496 1 1 1 1 0.900496 1 1 1 1 0.900496 0.900496 0.900496 0.85928 0.800991 0.800991 0.800991 0.777501 0.71856 0.70149 0.70149 0.800991 0.900496 1 1 0.900496 1 1 0.900496 0.85928 0.777501 0.70149 0.70149 0.70149 0.777501 0.85928 0.900496 1 1 0.900496 0.85928 0.777501 0.800991 0.777501 0.800991 0.800991
-1 1 1 1 0.900496 0.900496 0.900496 0.900496 1 1 0.900496 0.800991 0.900496 1 1 0.900496 1 0.900496 0.85928 0.800991 0.900496 1 1 0.900496 0.900496 0.900496 0.85928 0.777501 0.800991 0.800991 0.800991 0.85928 0.900496 0.900496 1 1 1 1 1 1 1 1 0.900496 0.900496 1 1 0.900496 0.800991 0.70149 0.70149 0.70149 0.71856 0.777501 0.800991 0.800991 0.800991 0.900496 1 1 0.900496 1 1 0.900496 0.800991 0.800991 0.800991 0.777501 0.71856 0.800991 0.900496 1 1 0.900496 0.85928 0.777501 0.71856 0.70149 0.685343 0.70149 0.800991
-1 -1 1 1 1 1 1 0.900496 1 1 0.900496 0.800991 0.85928 0.900496 0.900496 1 1 0.900496 0.800991 0.800991 0.900496 1 0.900496 0.900496 1 1 0.900496 0.800991 0.777501 0.85928 0.900496 0.900496 1 1 1 1 1 1 1 1 1 1 1 0.900496 0.900496 0.900496 0.85928 0.777501 0.685343 0.641233 0.71856 0.777501 0.85928 0.900496 0.900496 0.900496 0.900496 1 0.900496 1 1 0.900496 0.85928 0.85928 0.900496 0.900496 0.85928 0.800991 0.85928 0.900496 1 1 0.900496 0.800991 0.70149 0.641233 0.641233 0.71856 0.777501 0.85928
-1 -1 -1 -1 1 1 1 0.900496 1 1 0.900496 0.800991 0.777501 0.85928 0.900496 1 0.900496 0.85928 0.800991 0.800991 0.900496 1 0.900496 0.900496 1 1 0.900496 0.900496 0.85928 0.900496 1 1 1 1 1 1 1 1 1 1 0.900496 0.900496 1 0.900496 0.85928 0.800991 0.777501 0.71856 0.70149 0.70149 0.777501 0.85928 0.900496 1 1 1 0.900496 0.900496 0.900496 1 1 0.900496 0.85928 0.900496 1 1 0.900496 0.900496 0.900496 1 1 0.900496 0.85928 0.777501 0.685343 0.589734 0.685343 0.777501 0.85928 0.900496
-1 -1 -1 -1 -1 -1 1 0.900496 1 1 0.900496 0.800991 0.800991 0.900496 1 1 0.900496 0.900496 0.900496 0.900496 0.900496 1 1 0.900496 0.900496 0.900496 0.900496 1 0.900496 1 1 1 1 1 1 1 1 1 1 1 0.900496 1 1 1 0.900496 0.85928 0.800991 0.800991 0.800991 0.800991 0.800991 0.900496 1 1 0.900496 1 1 1 1 1 1 1 0.900496 0.900496 1 1 0.900496 1 1 1 0.900496 0.900496 0.85928 0.777501 0.685343 0.601985 0.70149 0.800991 0.900496 1
-1 -1 -1 -1 -1 -1 -1 0.900496 0.900496 0.900496 0.85928 0.85928 0.900496 0.900496 1 1 1 1 1 1 1 1 1 0.900496 0.85928 0.900496 0.900496 1 1 1 1 1 1 1 1 1 1 1 1 0.900496 0.900496 1 1 1 1 0.900496 0.900496 0.900496 0.900496 0.900496 0.85928 0.900496 1 1 0.900496 0.900496 0.900496 1 1 1 0.900496 1 1 1 0.900496 0.900496 0.85928 0.900496 1 0.900496 1 1 0.900496 0.800991 0.70149 0.601985 0.685343 0.777501 0.85928 0.900496
-1 -1 -1 -1 -1 -1 -1 1 0.900496 0.900496 0.900496 0.900496 1 1 1 1 0.900496 1 0.900496 0.900496 1 1 1 1 0.900496 1 1 1 -1 -1 -1 -1 1 1 0.900496 1 1 1 1 0.900496 0.900496 1 1 0.900496 1 1 1 1 1 1 0.900496 0.900496 1 0.900496 0.85928 0.800991 0.85928 0.900496 1 1 1 0.900496 1 1 1 1 0.900496 1 1 0.900496 0.900496 0.900496 0.85928 0.777501 0.685343 0.589734 0.641233 0.71856 0.777501 0.85928
-1 -1 -1 -1 -1 -1 -1 1 1 1 1 1 1 1 1 0.900496 0.85928 0.900496 0.85928 0.85928 0.900496 0.900496 1 1 1 1 0.900496 -1 -1 -1 -1 -1 -1 -1 -1 -1 1 1 1 0.900496 0.85928 0.900496 0.900496 0.85928 0.900496 0.900496 1 0.900496 0.900496 1 1 1 1 0.900496 0.800991 0.71856 0.777501 0.85928 0.900496 1 1 0.900496 0.900496 0.900496 0.900496 1 1 1 0.900496 0.85928 0.800991 0.800991 0.777501 0.71856 0.641233 0.555005 0.577839 0.641233 0.71856 0.777501
-1 -1 -1 -1 -1 -1 -1 0.900496 0.900496 0.900496 0.900496 0.900496 1 1 0.900496 0.85928 0.777501 0.800991 0.777501 0.777501 0.800991 0.85928 0.900496 1 1 0.900496 0.85928 -1 -1 -1 -1 -1 -1 -1 -1 -1 -1 1 0.900496 0.85928 0.777501 0.800991 0.800991 0.777501 0.800991 0.900496 1 1 0.900496 0.900496 0.900496 0.900496 0.900496 0.85928 0.777501 0.685343 0.71856 0.777501 0.85928 0.900496 0.900496 0.85928 0.900496 0.900496 0.900496 1 1 0.900496 0.85928 0.777501 0.71856 0.70149 0.685343 0.641233 0.577839 0.502481 0.502481 0.577839 0.641233 0.685343
